luminosity = 36     # in pb-1 (FIXED)
channels = 53     # total number of channels -> following our search bin definition (FIXED)
sample = qcd     # name of the background: hadtau, lostle, zinv, qcd, ttz
channel = bin1 bin2 bin3 bin4 bin5 bin6 bin7 bin8 bin9 bin10 bin11 bin12 bin13 bin14 bin15 bin16 bin17 bin18 bin19 bin20 bin21 bin22 bin23 bin24 bin25 bin26 bin27 bin28 bin29 bin30 bin31 bin32 bin33 bin34 bin35 bin36 bin37 bin38 bin39 bin40 bin41 bin42 bin43 bin44 bin45 bin46 bin47 bin48 bin49 bin50 bin51 bin52 bin53 

# Predicted central numbers (need from all backgrounds)
rate = 123.498 283.38 14.3583 27.2834 28.5621 24.8372 3.38255 26.459 0.30307 0 0 0 0.672911 0 0 0 16.006 0 0 0 5.06422 0 0 0 1.41259 0.369841 0 2.53211 0.672911 0.454605 0 0 8.7795 0.151535 0.369841 0 0 0 2.53211 0 0 2.90195 0.521376 0.151535 0.151535 0 0 0.369841 0 0 1.10952 0.521376 0.151535 
cs_event = 51 1 6 2 41 2 15 2 2 0 0 0 2 0 0 0 4 0 0 0 2 0 0 0 4 1 0 1 2 3 0 0 2 1 1 0 0 0 1 0 0 1 2 1 1 0 0 1 0 0 3 2 1 
avg_weight = 2.42152 283.38 2.39305 13.6417 0.696637 12.4186 0.225503 13.2295 0.151535 0.0000 0.0000 0.0000 0.336455 0.0000 0.0000 0.0000 4.0015 0.0000 0.0000 0.0000 2.53211 0.0000 0.0000 0.0000 0.353148 0.369841 0.0000 2.53211 0.336455 0.151535 0.0000 0.0000 4.38975 0.151535 0.369841 0.0000 0.0000 0.0000 2.53211 0.0000 0.0000 2.90195 0.260688 0.151535 0.151535 0.0000 0.0000 0.369841 0.0000 0.0000 0.369841 0.260688 0.151535 
syst_unc_all_up = 1.5 1.5 1.5 1.5 1.5 1.5 1.5 1.5 1.5 1.5 1.5 1.5 1.5 1.5 1.5 1.5 1.5 1.5 1.5 1.5 1.5 1.5 1.5 1.5 1.5 1.5 1.5 1.5 1.5 1.5 1.5 1.5 1.5 1.5 1.5 1.5 1.5 1.5 1.5 1.5 1.5 1.5 1.5 1.5 1.5 1.5 1.5 1.5 1.5 1.5 1.5 1.5 1.5 
syst_unc_all_dn = 0.998 0.998 0.998 0.998 0.998 0.998 0.998 0.998 0.998 0.998 0.998 0.998 0.998 0.998 0.998 0.998 0.998 0.998 0.998 0.998 0.998 0.998 0.998 0.998 0.998 0.998 0.998 0.998 0.998 0.998 0.998 0.998 0.998 0.998 0.998 0.998 0.998 0.998 0.998 0.998 0.998 0.998 0.998 0.998 0.998 0.998 0.998 0.998 0.998 0.998 0.998 0.998 0.998 
