luminosity = 36     # in pb-1 (FIXED)
channels = 53     # total number of channels -> following our search bin definition (FIXED)
sample = rare     # name of the background: hadtau, lostle, zinv, qcd, ttz
channel = bin1 bin2 bin3 bin4 bin5 bin6 bin7 bin8 bin9 bin10 bin11 bin12 bin13 bin14 bin15 bin16 bin17 bin18 bin19 bin20 bin21 bin22 bin23 bin24 bin25 bin26 bin27 bin28 bin29 bin30 bin31 bin32 bin33 bin34 bin35 bin36 bin37 bin38 bin39 bin40 bin41 bin42 bin43 bin44 bin45 bin46 bin47 bin48 bin49 bin50 bin51 bin52 bin53 

# Predicted central numbers (need from all backgrounds)
rate = 62.3333 42.7407 17.4549 17.4631 5.99017 4.59471 1.7949 2.05536 0.85533 0.589087 0.326023 0.479732 0.487606 0.223659 0.0236224 0.00787413 13.9007 1.31115 0.114899 0.0653234 7.12485 1.98828 0.0889458 0 1.21836 0.667549 0.0417011 0.110238 1.00812 0.112568 0.440361 0.0314965 0.181105 0.0708671 0.0393706 1.66896 0.204727 0 1.46078 0.629901 0.125986 0.0472448 0.0393706 0 0.062993 0.0236224 0.00787413 0.125986 0 0.0944895 0.0157483 0.0236224 0.00787413 
cs_event = 209 147 65 61 25 19 15 9 3 2 3 1 1 1 3 1 52 8 15 9 28 7 12 0 5 2 6 14 4 15 1 4 23 9 5 6 26 0 11 9 16 6 5 0 8 3 1 16 0 12 2 3 1 
avg_weight = 0.298246 0.290753 0.268536 0.286281 0.239607 0.241827 0.11966 0.228373 0.28511 0.294543 0.108674 0.479732 0.487606 0.223659 0.00787413 0.00787413 0.267321 0.163893 0.00765991 0.00725816 0.254459 0.284039 0.00741215 0.0000 0.243673 0.333774 0.00695018 0.00787413 0.25203 0.00750455 0.440361 0.00787413 0.00787413 0.00787413 0.00787413 0.27816 0.00787413 0.0000 0.132799 0.0699889 0.00787413 0.00787413 0.00787413 0.0000 0.00787413 0.00787413 0.00787413 0.00787413 0.0000 0.00787413 0.00787413 0.00787413 0.00787413 
syst_unc_up = 6.23333 4.27407 1.74549 1.74631 0.599017 0.459471 0.17949 0.205536 0.085533 0.0589087 0.0326023 0.0479732 0.0487606 0.0223659 0.00236224 0.000787413 1.39007 0.131115 0.0114899 0.00653234 0.712485 0.198828 0.00889458 0 0.121836 0.0667549 0.00417011 0.0110238 0.100812 0.0112568 0.0440361 0.00314965 0.0181105 0.00708671 0.00393706 0.166896 0.0204727 0 0.146078 0.0629901 0.0125986 0.00472448 0.00393706 0 0.0062993 0.00236224 0.000787413 0.0125986 0 0.00944895 0.00157483 0.00236224 0.000787413 
syst_unc_dn = 6.23333 4.27407 1.74549 1.74631 0.599017 0.459471 0.17949 0.205536 0.085533 0.0589087 0.0326023 0.0479732 0.0487606 0.0223659 0.00236224 0.000787413 1.39007 0.131115 0.0114899 0.00653234 0.712485 0.198828 0.00889458 0 0.121836 0.0667549 0.00417011 0.0110238 0.100812 0.0112568 0.0440361 0.00314965 0.0181105 0.00708671 0.00393706 0.166896 0.0204727 0 0.146078 0.0629901 0.0125986 0.00472448 0.00393706 0 0.0062993 0.00236224 0.000787413 0.0125986 0 0.00944895 0.00157483 0.00236224 0.000787413 
