luminosity = 36     # in pb-1 (FIXED)
channels = 53     # total number of channels -> following our search bin definition (FIXED)
sample = ttz     # name of the background: hadtau, lostle, zinv, qcd, ttz
channel = bin1 bin2 bin3 bin4 bin5 bin6 bin7 bin8 bin9 bin10 bin11 bin12 bin13 bin14 bin15 bin16 bin17 bin18 bin19 bin20 bin21 bin22 bin23 bin24 bin25 bin26 bin27 bin28 bin29 bin30 bin31 bin32 bin33 bin34 bin35 bin36 bin37 bin38 bin39 bin40 bin41 bin42 bin43 bin44 bin45 bin46 bin47 bin48 bin49 bin50 bin51 bin52 bin53 

# Predicted central numbers (need from all backgrounds)
rate = 0.211003 0.0563143 0.044072 0.0612112 0.0587627 0.250616 0.071005 0.0538658 0.00979379 0.00979379 0.0122422 0.00979379 0.00734534 0.00979379 0 0.00244845 0.798367 0.213452 0.0195876 0 0.473424 0.156701 0.0269329 0.0122422 0.0465205 0.022036 0 0.00734534 0.127756 0.0391751 0.00979379 0.0146907 0.0759019 0.00489689 0 0.166931 0.0391751 0.0269329 0.441157 0.11018 0.0318298 0.386154 0.206544 0.022036 0.0171391 0.00489689 0.00734534 0.0244845 0.00734534 0.0122422 0.00979379 0.0244845 0.0195876 
cs_event = 13 23 18 25 24 10 29 22 4 4 5 4 3 4 0 1 34 14 8 0 33 64 11 5 19 9 0 3 5 16 4 6 31 2 0 9 16 11 50 45 13 12 7 9 7 2 3 10 3 5 4 10 8 
avg_weight = 0.016231 0.00244845 0.00244845 0.00244845 0.00244845 0.0250616 0.00244845 0.00244845 0.00244845 0.00244845 0.00244845 0.00244845 0.00244845 0.00244845 0.0000 0.00244845 0.0234814 0.0152466 0.00244845 0.0000 0.0143462 0.00244845 0.00244845 0.00244845 0.00244845 0.00244845 0.0000 0.00244845 0.0255512 0.00244845 0.00244845 0.00244845 0.00244845 0.00244845 0.0000 0.0185479 0.00244845 0.00244845 0.00882315 0.00244845 0.00244845 0.0321795 0.0295062 0.00244845 0.00244845 0.00244845 0.00244845 0.00244845 0.00244845 0.00244845 0.00244845 0.00244845 0.00244845 
syst_unc_up = 0.063301 0.0168943 0.0132216 0.0183634 0.0176288 0.0751847 0.0213015 0.0161597 0.00293814 0.00293814 0.00367267 0.00293814 0.0022036 0.00293814 0 0.000734534 0.23951 0.0640356 0.00587627 0 0.142027 0.0470102 0.00807987 0.00367267 0.0139561 0.00661081 0 0.0022036 0.0383269 0.0117525 0.00293814 0.0044072 0.0227706 0.00146907 0 0.0500794 0.0117525 0.00807987 0.132347 0.033054 0.00954894 0.115846 0.0619631 0.00661081 0.00514174 0.00146907 0.0022036 0.00734534 0.0022036 0.00367267 0.00293814 0.00734534 0.00587627 
syst_unc_dn = 0.063301 0.0168943 0.0132216 0.0183634 0.0176288 0.0751847 0.0213015 0.0161597 0.00293814 0.00293814 0.00367267 0.00293814 0.0022036 0.00293814 0 0.000734534 0.23951 0.0640356 0.00587627 0 0.142027 0.0470102 0.00807987 0.00367267 0.0139561 0.00661081 0 0.0022036 0.0383269 0.0117525 0.00293814 0.0044072 0.0227706 0.00146907 0 0.0500794 0.0117525 0.00807987 0.132347 0.033054 0.00954894 0.115846 0.0619631 0.00661081 0.00514174 0.00146907 0.0022036 0.00734534 0.0022036 0.00367267 0.00293814 0.00734534 0.00587627 
